V 20 1 1
V 18 1 1
V 17 1 1
V 16 1 1
V 15 1 1
V 13 1 1
V 12 1 1
V 19 1 1
V 11 1 1
V 14 1 1
V 2 1 1
V 9 1 1
V 6 1 1
V 7 1 1
V 1 1 1
V 5 1 1
V 10 1 1
V 8 1 1
V 4 1 1
V 3 1 1
E 18 19 35
E 18 20 78
E 17 18 95
E 17 19 31
E 17 20 70
E 16 17 72
E 16 18 97
E 16 19 26
E 16 20 59
E 15 16 49
E 15 17 80
E 15 18 100
E 15 19 30
E 15 20 67
E 13 14 58
E 13 15 85
E 13 16 36
E 13 17 71
E 13 18 98
E 13 19 19
E 13 20 55
E 12 13 40
E 12 14 69
E 12 15 93
E 12 16 47
E 12 17 76
E 12 18 100
E 12 19 28
E 12 20 61
E 19 20 44
E 11 12 71
E 11 13 25
E 11 14 54
E 11 15 82
E 11 16 33
E 11 17 67
E 11 18 96
E 11 19 13
E 11 20 48
E 14 15 88
E 14 16 42
E 14 17 74
E 14 18 99
E 14 19 23
E 14 20 60
E 2 3 33
E 2 4 71
E 2 5 22
E 2 6 58
E 2 7 9
E 2 8 84
E 2 9 41
E 2 10 67
E 2 11 26
E 2 12 79
E 2 13 15
E 2 14 53
E 2 15 88
E 2 16 31
E 2 17 69
E 2 18 97
E 2 19 19
E 2 20 48
E 9 10 62
E 9 11 20
E 9 12 79
E 9 13 32
E 9 14 56
E 9 15 87
E 9 16 41
E 9 17 70
E 9 18 97
E 9 19 15
E 9 20 53
E 6 7 10
E 6 8 90
E 6 9 46
E 6 10 65
E 6 11 22
E 6 12 77
E 6 13 31
E 6 14 60
E 6 15 84
E 6 16 39
E 6 17 68
E 6 18 98
E 6 19 18
E 6 20 50
E 7 8 80
E 7 9 34
E 7 10 59
E 7 11 16
E 7 12 72
E 7 13 26
E 7 14 52
E 7 15 81
E 7 16 35
E 7 17 64
E 7 18 95
E 7 19 12
E 7 20 47
E 1 2 24
E 1 3 56
E 1 4 12
E 1 5 89
E 1 6 43
E 1 7 7
E 1 8 91
E 1 9 32
E 1 10 64
E 1 11 18
E 1 12 75
E 1 13 29
E 1 14 51
E 1 15 83
E 1 16 37
E 1 17 62
E 1 18 95
E 1 19 14
E 1 20 46
E 5 6 47
E 5 7 8
E 5 8 93
E 5 9 42
E 5 10 70
E 5 11 25
E 5 12 78
E 5 13 30
E 5 14 57
E 5 15 85
E 5 16 40
E 5 17 72
E 5 18 99
E 5 19 20
E 5 20 54
E 10 11 27
E 10 12 83
E 10 13 38
E 10 14 63
E 10 15 91
E 10 16 45
E 10 17 73
E 10 18 99
E 10 19 21
E 10 20 57
E 8 9 51
E 8 10 74
E 8 11 29
E 8 12 86
E 8 13 37
E 8 14 66
E 8 15 94
E 8 16 43
E 8 17 75
E 8 18 100
E 8 19 24
E 8 20 58
E 4 5 68
E 4 6 39
E 4 7 11
E 4 8 87
E 4 9 44
E 4 10 61
E 4 11 23
E 4 12 73
E 4 13 28
E 4 14 55
E 4 15 82
E 4 16 36
E 4 17 66
E 4 18 96
E 4 19 16
E 4 20 49
E 3 4 45
E 3 5 81
E 3 6 27
E 3 7 13
E 3 8 92
E 3 9 35
E 3 10 63
E 3 11 21
E 3 12 76
E 3 13 34
E 3 14 59
E 3 15 86
E 3 16 38
E 3 17 65
E 3 18 94
E 3 19 17
E 3 20 52
